[gd_scene load_steps=6 format=3 uid="uid://bbrnfl7a60d3f"]

[ext_resource type="PackedScene" uid="uid://bvn1lds5p0n1y" path="res://assets/gameObjects/rocks/rock1/rock1.tscn" id="1_0qafg"]
[ext_resource type="PackedScene" uid="uid://clbgtmw5p4vwd" path="res://assets/gameObjects/rocks/rock1/rock2.tscn" id="2_hij7x"]
[ext_resource type="PackedScene" uid="uid://cpojd54sc8drs" path="res://assets/gameObjects/rocks/rock1/rock3.tscn" id="3_gpedh"]
[ext_resource type="PackedScene" uid="uid://dwps6mxtxkqsp" path="res://assets/gameObjects/tree/snowtree1.tscn" id="4_0qafg"]
[ext_resource type="PackedScene" uid="uid://dhguep2r5ub7f" path="res://assets/gameObjects/tree/snowtree2.tscn" id="5_hij7x"]

[node name="Platform4" type="Node3D"]

[node name="Rocks" type="Node3D" parent="."]

[node name="Rock1" parent="Rocks" instance=ExtResource("1_0qafg")]
transform = Transform3D(5.00001, 0, 8.66025, 2.38419e-07, 10, 2.5034e-06, -8.66026, -2.14577e-06, 5, -3.85191, 7.65957, 25.4844)

[node name="Rock2" parent="Rocks" instance=ExtResource("1_0qafg")]
transform = Transform3D(-2.88786, 4.52532e-10, -4.08171, -4.05882, -0.528636, 2.87167, -0.431543, 4.97198, 0.305323, 20.2653, 13.4547, -24.2436)

[node name="Rock3" parent="Rocks" instance=ExtResource("2_hij7x")]
transform = Transform3D(30, 0, 0, 0, 8.26057, -28.8403, 0, 28.8403, 8.26057, 0, 0, 0)

[node name="Rock7" parent="Rocks" instance=ExtResource("2_hij7x")]
transform = Transform3D(15, 0, 0, 0, 4.76478, -14.2231, 0, 14.2231, 4.76478, 5.8752, 111.982, -17.7215)

[node name="Rock4" parent="Rocks" instance=ExtResource("3_gpedh")]
transform = Transform3D(-1.74846e-07, 3.99999, 0, -3.44733, -1.50688e-07, -2.02877, -2.02877, -8.86807e-08, 3.44733, 29.1296, 4.99928, 9.09342)

[node name="Rock5" parent="Rocks" instance=ExtResource("3_gpedh")]
transform = Transform3D(-5.24538e-07, 12, 0, -10.342, -4.52062e-07, -6.0863, -6.0863, -2.6604e-07, 10.342, -29.1631, -14.244, 9.09342)

[node name="Rock6" parent="Rocks" instance=ExtResource("1_0qafg")]
transform = Transform3D(-7.84674, -0.592536, -1.44143, -1.39717, -0.603563, 7.85391, -0.690465, 7.95517, 0.488516, 27.452, -9.21301, -7.91967)

[node name="Rock8" parent="Rocks" instance=ExtResource("2_hij7x")]
transform = Transform3D(-4.42164, 1.33954, -1.9117, -1.29923, -4.81417, -0.368298, -1.93933, 0.171046, 4.60541, 17.7726, 22.5776, -2.75127)

[node name="Rock10" parent="Rocks" instance=ExtResource("2_hij7x")]
transform = Transform3D(-2.87553, 0, -4.09041, -5.96046e-07, 5, 3.57628e-07, 4.0904, -2.5034e-06, -2.87553, 30.5094, -12.5058, 10.5321)

[node name="Rock11" parent="Rocks" instance=ExtResource("2_hij7x")]
transform = Transform3D(-14.3776, -7.60295e-06, -20.452, -2.98023e-06, 25, -7.19858e-06, 20.452, -1.70188e-06, -14.3776, -15.9923, 47.0063, -24.7898)

[node name="Rock12" parent="Rocks" instance=ExtResource("2_hij7x")]
transform = Transform3D(-4.02573, -9.10155e-08, -5.72655, 5.5792, -1.57775, -3.92216, -1.29072, -6.81989, 0.90738, 21.8575, -1.27473, 23.8992)

[node name="Rock13" parent="Rocks" instance=ExtResource("2_hij7x")]
transform = Transform3D(-4.02573, -1.9264e-07, -5.72655, 3.53246, 5.50953, -2.48332, 4.50723, -4.31801, -3.16856, 31.5415, -24.2523, 22.9067)

[node name="Tree" type="Node3D" parent="."]

[node name="Snowtree" parent="Tree" instance=ExtResource("4_0qafg")]
transform = Transform3D(0.688772, 0.724978, 4.11447e-10, -0.720784, 0.684787, -0.107409, -0.0778694, 0.0739805, 0.994215, 18.0634, 18.3536, 10.789)

[node name="Snowtree2" parent="Tree" instance=ExtResource("5_hij7x")]
transform = Transform3D(0.377546, 0.132133, 1.53583e-07, -0.124674, 0.356232, 0.132496, 0.0437676, -0.125058, 0.377419, 9.26665, 21.323, -20.0969)

[node name="Snowtree3" parent="Tree" instance=ExtResource("4_0qafg")]
transform = Transform3D(0.999879, 0.0145289, -0.00554282, -0.0155503, 0.934203, -0.356402, 0, 0.356445, 0.934316, 0.0517998, 29.8577, 6.88107)

[node name="Snowtree4" parent="Tree" instance=ExtResource("5_hij7x")]
transform = Transform3D(0.5, 0, 0, 0, -0.359882, -0.347109, 0, 0.347109, -0.359882, 4.52476, -19.2511, 21.5701)

[node name="Rock1" parent="." instance=ExtResource("1_0qafg")]
transform = Transform3D(5, 0, 0, 0, 5, 0, 0, 0, 5, 3.56207, 36.8539, -11.2144)

[node name="Rock2" parent="." instance=ExtResource("2_hij7x")]
transform = Transform3D(1, 0, 0, 0, 1, 0, 0, 0, 1, 4.45509, 48.5634, -11.0199)

[node name="Rock3" parent="." instance=ExtResource("1_0qafg")]
transform = Transform3D(20, 0, 0, 0, -17.3971, -9.86609, 0, 9.86609, -17.3971, -16.053, 69.5907, 2.19878)

[node name="Rock4" parent="." instance=ExtResource("2_hij7x")]
transform = Transform3D(-0.245883, 0, 0.9693, 0, 1, 0, -0.9693, 0, -0.245883, 2.20466, 62.4085, -14.5712)

[node name="Rock5" parent="." instance=ExtResource("1_0qafg")]
transform = Transform3D(0.495944, 0, -0.868355, 0, 1, 0, 0.868355, 0, 0.495944, 6.26458, 57.3642, -18.0601)

[node name="Rock6" parent="." instance=ExtResource("3_gpedh")]
transform = Transform3D(0.728933, 0, -0.684585, 0, 1, 0, 0.684585, 0, 0.728933, 38.4543, -24.8447, 26.2093)

[node name="Rock7" parent="." instance=ExtResource("3_gpedh")]
transform = Transform3D(0.0752899, -0.481141, 0.873404, 0.453539, -0.763526, -0.459708, 0.88805, 0.430734, 0.160731, 34.6536, -22.098, 28.8706)

[node name="Rock8" parent="." instance=ExtResource("2_hij7x")]
transform = Transform3D(2.99833, 0, -0.100146, 0, 3, 0, 0.100146, 0, 2.99833, 33.3742, -16.5508, 12.5039)

[node name="Rock9" parent="." instance=ExtResource("1_0qafg")]
transform = Transform3D(3, 0, 0, 0, 3, 0, 0, 0, 3, 28.6674, -1.72683, 21.5153)

[node name="Rock10" parent="." instance=ExtResource("3_gpedh")]
transform = Transform3D(-2.88714, 0, -0.815127, 0, 3, 0, 0.815127, 0, -2.88714, -13.0627, 97.9166, -3.17658)
